20601.2304687501  4609.675
20605.5072274209  4834.167
20609.7839860917  4523.667
20614.0607447625  4712.858
20618.3375034333  4790.297
20622.6142621041  4803.965
20626.8910207749  5025.378
20631.1677794457  5029.437
20635.4445381165  4823.248
20639.7212967873  4812.498
20643.9980554581  4596.728
20648.2748141289  4751.704
20652.5515727997  4218.343
20656.8283314705  4750.492
20661.1050901413  4879.302
20665.3818488122  4907.23
20669.658607483  4632.179
20673.9353661538  4469.967
20678.2121248246  4228.85
20682.4888834954  4303.779
20686.7656421662  4636.671
20691.042400837  4640.489
20695.3191595078  4663.248
20699.5959181786  4635.535
20703.8726768494  4691.743
20708.1494355202  5275.666
20712.426194191  5211.875
20716.7029528618  5128.315
20720.9797115326  5073.271
20725.2564702034  5446.295
20729.5332288743  5118.535
20733.8099875451  5597.425
20738.0867462159  5476.828
20742.3635048867  5390.201
20746.6402635575  5110.003
20750.9170222283  4595.942
20755.1937808991  4872.872
20759.4705395699  5142.381
20763.7472982407  5027.311
20768.0240569115  4846.746
20772.3008155823  5086.106
20776.5775742531  5060.21
20780.8543329239  5197.714
20785.1310915947  5287.483
20789.4078502656  5424.059
20793.6846089364  5363.997
20797.9613676072  5442.726
20802.238126278  5608.573
20806.5148849488  5303.189
20810.7916436196  4845.94
20815.0684022904  5259.258
20819.3451609612  5387.128
20823.621919632  5413.394
20827.8986783028  5439.609
20832.1754369736  5628.3
20836.4521956444  5443.59
20840.7289543152  5444.782
20845.005712986  5450.081
20849.2824716569  5607.515
20853.5592303277  5831.768
20857.8359889985  5901.791
20862.1127476693  5582.85
20866.3895063401  5349.854
20870.6662650109  5350.366
20874.9430236817  5377.458
20879.2197823525  5386.898
20883.4965410233  5731.706
20887.7732996941  5800.186
20892.0500583649  5730.797
20896.3268170357  5757.936
20900.6035757065  5879.84
20904.8803343773  5829.421
20909.1570930481  5882.571
20913.433851719  6082.166
20917.7106103898  6088.781
20921.9873690606  6138.358
20926.2641277314  5891.846
20930.5408864022  5742.516
20934.817645073  5744.039
20939.0944037438  5387.75
20943.3711624146  5408.162
20947.6479210854  5558.495
20951.9246797562  5636.194
20956.201438427  5353.714
20960.4781970978  5635.194
20964.7549557686  5834.554
20969.0317144394  5605.3
20973.3084731103  5618.963
20977.5852317811  5729.092
20981.8619904519  5783.73
20986.1387491227  5915.398
20990.4155077935  5821.657
20994.6922664643  5694.579
20998.9690251351  5730.457
21003.2457838059  5845.832
21007.5225424767  6040.456
21011.7993011475  6083.272
21016.0760598183  6077.613
21020.3528184891  5715.508
21024.6295771599  5555.924
21028.9063358307  5724.119
21033.1830945015  5960.335
21037.4598531724  5908.058
21041.7366118432  6031.241
21046.013370514  6256.463
21050.2901291848  6100.118
21054.5668878556  6180.447
21058.8436465264  6615.112
21063.1204051972  6652.07
21067.397163868  6485.354
21071.6739225388  6388.391
21075.9506812096  6162.45
21080.2274398804  6165.216
21084.5041985512  6054.903
21088.780957222  5641.295
21093.0577158928  5812.498
21097.3344745636  6211.757
21101.6112332345  6554.823
21105.8879919053  6647.852
21110.1647505761  6904.622
21114.4415092469  6568.944
21118.7182679177  6351.869
21122.9950265885  6453.211
21127.2717852593  6198.61
21131.5485439301  6112.123
21135.8253026009  6262.708
21140.1020612717  6399.412
21144.3788199425  6293.979
21148.6555786133  6294.126
21152.9323372841  6546.267
21157.2090959549  6360.57
21161.4858546258  5960.401
21165.7626132966  5857.774
21170.0393719674  6186.533
21174.3161306382  6558.972
21178.592889309  6784.424
21182.8696479798  6718.389
21187.1464066506  6716.521
21191.4231653214  6629.21
21195.6999239922  6489.278
21199.976682663  6801.867
21204.2534413338  7311.392
21208.5302000046  6623.51
21212.8069586754  6623.51
21217.0837173462  6841.362
21221.360476017  6590.357
21225.6372346879  6391.189
21229.9139933587  7115.216
21234.1907520295  6502.983
21238.4675107003  6551.073
21242.7442693711  6749.765
21247.0210280419  6605.851
21251.2977867127  6637.294
21255.5745453835  6868.317
21259.8513040543  6730.76
21264.1280627251  6340.06
21268.4048213959  6576.186
21272.6815800667  6551.941
21276.9583387375  6750.272
21281.2350974083  6892.056
21285.5118560792  6978.27
21289.78861475  7130.589
21294.0653734208  7003.164
21298.3421320916  6513.95
21302.6188907624  6437.578
21306.8956494332  6719.032
21311.172408104  6780.007
21315.4491667748  7038.723
21319.7259254456  7390.773
21324.0026841164  7335.567
21328.2794427872  7114.904
21332.556201458  7240.267
21336.8329601288  7099.237
21341.1097187996  6900.918
21345.3864774705  7049.729
21349.6632361413  7074.869
21353.9399948121  7238.234
21358.2167534829  7319.914
21362.4935121537  7431.983
21366.7702708245  7658.497
21371.0470294953  7033.266
21375.3237881661  6974.897
21379.6005468369  7084.975
21383.8773055077  7022.386
21388.1540641785  6872.693
21392.4308228493  7163.726
21396.7075815201  7203.51
21400.9843401909  7095.701
21405.2610988617  7067.152
21409.5378575326  7086.847
21413.8146162034  7380.086
21418.0913748742  7487.452
21422.368133545  7096.374
21426.6448922158  7041.605
21430.9216508866  7323.38
21435.1984095574  7434.999
21439.4751682282  7415.825
21443.751926899  7595.044
21448.0286855698  7591.685
21452.3054442406  7540.437
21456.5822029114  7332.463
21460.8589615822  7005.876
21465.135720253  6874.246
21469.4124789239  7000.317
21473.6892375947  7006.942
21477.9659962655  7266.202
21482.2427549363  7274.751
21486.5195136071  7240.282
21490.7962722779  7301.688
21495.0730309487  7522.026
21499.3497896195  7980.999
21503.6265482903  8273.733
21507.9033069611  7694.471
21512.1800656319  7759.682
21516.4568243027  8265.352
21520.7335829735  7803.866
21525.0103416443  7654.963
21529.2871003151  7462.509
21533.563858986  7678.062
21537.8406176568  7803.663
21542.1173763276  7736.843
21546.3941349984  7845.327
21550.6708936692  7876.177
21554.94765234  7657.152
21559.2244110108  7465.888
21563.5011696816  7266.198
21567.7779283524  7256.748
21572.0546870232  7311.396
21576.331445694  7530.653
21580.6082043648  7674.547
21584.8849630356  7585.373
21589.1617217064  7765.272
21593.4384803773  7712.007
21597.7152390481  7491.146
21601.9919977189  7854.721
21606.2687563897  7982.765
21610.5455150605  7652.009
21614.8222737313  7482.182
21619.0990324021  7367.31
21623.3757910729  7352.176
21627.6525497437  7459.179
21631.9293084145  7791.191
21636.2060670853  8042.019
21640.4828257561  7899.845
21644.7595844269  8083.005
21649.0363430977  8253.817
21653.3131017686  7926.769
21657.5898604394  8157.39
21661.8666191102  8325.113
21666.143377781  8561.307
21670.4201364518  8196.578
21674.6968951226  8311.639
21678.9736537934  8442.172
21683.2504124642  7942.015
21687.527171135  7972.027
21691.8039298058  8072.956
21696.0806884766  7872.907
21700.3574471474  8167.782
21704.6342058182  8291.906
21708.910964489  8286.164
21713.1877231598  8584.469
21717.4644818307  8358.704
21721.7412405015  8069.928
21726.0179991723  8070.912
21730.2947578431  8094.795
21734.5715165139  8094.283
21738.8482751847  8188.923
21743.1250338555  7976.097
21747.4017925263  7984.725
21751.6785511971  8248.444
21755.9553098679  8356.458
21760.2320685387  8373.429
21764.5088272095  8328.123
21768.7855858803  8234.152
21773.0623445511  8333.187
21777.3391032219  8098.712
21781.6158618928  8009.476
21785.8926205636  8331.58
21790.1693792344  8968.298
21794.4461379052  9002.054
21798.722896576  9009.796
21802.9996552468  9098.129
21807.2764139176  9053.339
21811.5531725884  8405.779
21815.8299312592  8111.338
21820.10668993  8137.884
21824.3834486008  8003.909
21828.6602072716  8103.916
21832.9369659424  8506.709
21837.2137246132  8351.402
21841.490483284  8525.482
21845.7672419549  8923.349
21850.0440006257  8612.057
21854.3207592965  8405.84
21858.5975179673  8435.572
21862.8742766381  8427.906
21867.1510353089  8655.496
21871.4277939797  8757.131
21875.7045526505  8876.404
21879.9813113213  8727.291
21884.2580699921  8679.585
21888.5348286629  8708.86
21892.8115873337  8717.98
21897.0883460045  8801.406
21901.3651046753  8792.619
21905.6418633462  8808.125
21909.918622017  8568.142
21914.1953806878  8568.494
21918.4721393586  8851.803
21922.7488980294  8459.383
21927.0256567002  8552.785
21931.302415371  8976.697
21935.5791740418  9145.193
21939.8559327126  8874.729
21944.1326913834  9234.554
21948.4094500542  9204.794
21952.686208725  9033.365
21956.9629673958  9124.465
21961.2397260666  9304.204
21965.5164847374  9636.695
21969.7932434083  8789.212
21974.0700020791  9100.104
21978.3467607499  9659.014
21982.6235194207  9196.373
21986.9002780915  8898.432
21991.1770367623  8800.056
21995.4537954331  8824.777
21999.7305541039  8784.059
22004.0073127747  8627.512
22008.2840714455  8812.802
22012.5608301163  8966.086
22016.8375887871  8941.683
22021.1143474579  9007.914
22025.3911061287  8905.244
22029.6678647996  9043.359
22033.9446234704  9122.928
22038.2213821412  8761.081
22042.498140812  8717.066
22046.7748994828  9010.531
22051.0516581536  9033.5
22055.3284168244  8613.53
22059.6051754952  8871.002
22063.881934166  9334.9
22068.1586928368  9310.914
22072.4354515076  9124.408
22076.7122101784  8873.266
22080.9889688492  8890.068
22085.26572752  8824.452
22089.5424861908  8855.132
22093.8192448617  9187.63
22098.0960035325  9312.305
22102.3727622033  9179.85
22106.6495208741  9414.561
22110.9262795449  9885.116
22115.2030382157  9975.887
22119.4797968865  9764.987
22123.7565555573  9609.262
22128.0333142281  9570.846
22132.3100728989  9871.933
22136.5868315697  10091.64
22140.8635902405  9706.854
22145.1403489113  9449.477
22149.4171075821  9512.484
22153.693866253  9370.809
22157.9706249238  9315.395
22162.2473835946  9343.934
22166.5241422654  9694.41
22170.8009009362  10216.4
22175.077659607  10245.47
22179.3544182778  10345.48
22183.6311769486  10461.37
22187.9079356194  10320.85
22192.1846942902  9900.025
22196.461452961  9735.92
22200.7382116318  10070.88
22205.0149703026  10095.37
22209.2917289734  9950.588
22213.5684876442  9903.289
22217.8452463151  10005.98
22222.1220049859  10627.62
22226.3987636567  10781.8
22230.6755223275  10305.17
22234.9522809983  10361.92
22239.2290396691  10501.3
22243.5057983399  10470.99
22247.7825570107  10208.22
22252.0593156815  9801.804
22256.3360743523  9946.162
22260.6128330231  9974.25
22264.8895916939  10104.94
22269.1663503647  10300.81
22273.4431090355  10264.71
22277.7198677064  10216.38
22281.9966263772  10119.21
22286.273385048  10080.74
22290.5501437188  10019.93
22294.8269023896  10176.86
22299.1036610604  10010.01
22303.3804197312  10292.7
22307.657178402  10630.29
22311.9339370728  10367.58
22316.2106957436  10007.22
22320.4874544144  9717.711
22324.7642130852  9899.01
22329.040971756  10022.1
22333.3177304268  9978.701
22337.5944890976  10256.88
22341.8712477685  10600.71
22346.1480064393  10512.61
22350.4247651101  10395.22
22354.7015237809  10720.34
22358.9782824517  10878.6
22363.2550411225  10874.89
22367.5317997933  10902.09
22371.8085584641  10859.69
22376.0853171349  10950.15
22380.3620758057  10944.35
22384.6388344765  10926.75
22388.9155931473  10830.51
22393.1923518181  10735.61
22397.4691104889  10844.09
22401.7458691598  10894.5
22406.0226278306  10868.27
22410.2993865014  10901.59
22414.5761451722  10782.74
22418.852903843  10702.22
22423.1296625138  10542.27
22427.4064211846  10504.1
22431.6831798554  10799.34
22435.9599385262  10929.95
22440.236697197  10832.62
22444.5134558678  10578.53
22448.7902145386  10313.71
22453.0669732094  10090.25
22457.3437318802  10152.94
22461.620490551  10573.48
22465.8972492219  10863.53
22470.1740078927  11170.03
22474.4507665635  11170.26
22478.7275252343  10961.43
22483.0042839051  10876.55
22487.2810425759  11107.71
22491.5578012467  11045.17
22495.8345599175  10848.61
22500.1113185883  10894.58
22504.3880772591  10477.21
22508.6648359299  10350.76
22512.9415946007  10934.55
22517.2183532715  10834.12
22521.4951119423  10277.06
22525.7718706132  10295.44
22530.048629284  10899.42
22534.3253879548  11265.87
22538.6021466256  11083.35
22542.8789052964  10915.22
22547.1556639672  10433.22
22551.432422638  10669.06
22555.7091813088  11030.7
22559.9859399796  11185.36
22564.2626986504  11550.61
22568.5394573212  11458.71
22572.816215992  11007.9
22577.0929746628  10737.88
22581.3697333336  11291.52
22585.6464920045  11782.28
22589.9232506753  11872.52
22594.2000093461  11856.77
22598.4767680169  11622.3
22602.7535266877  11290.22
22607.0302853585  11120.84
22611.3070440293  10890.54
22615.5838027001  10876.75
22619.8605613709  10909.1
22624.1373200417  10818.57
22628.4140787125  10212.3
22632.6908373833  10304.34
22636.9675960541  10661.96
22641.2443547249  10769.01
22645.5211133957  11007.79
22649.7978720666  10855.76
22654.0746307374  11094.59
22658.3513894082  11118.59
22662.628148079  11241.5
22666.9049067498  11704.07
22671.1816654206  11892.31
22675.4584240914  11705.48
22679.7351827622  11782.
22684.011941433  12231.03
22688.2887001038  12169.54
22692.5654587746  12225.18
22696.8422174454  12304.19
22701.1189761162  11949.17
22705.395734787  11821.54
22709.6724934578  12022.43
22713.9492521287  11798.67
22718.2260107995  11712.55
22722.5027694703  11918.12
22726.7795281411  11844.16
22731.0562868119  11472.64
22735.3330454827  11666.81
22739.6098041535  11647.04
22743.8865628243  11154.79
22748.1633214951  11218.82
22752.4400801659  11655.5
22756.7168388367  11844.22
22760.9935975075  11491.52
22765.2703561783  11254.79
22769.5471148491  11429.91
22773.82387352  11388.49
22778.1006321908  11404.92
22782.3773908616  11821.18
22786.6541495324  12037.16
22790.9309082032  12137.24
22795.207666874  12074.69
22799.4844255448  12241.14
22803.7611842156  12697.7
22808.0379428864  12565.99
22812.3147015572  11664.09
22816.591460228  11630.21
22820.8682188988  11560.96
22825.1449775696  11140.51
22829.4217362404  11658.53
22833.6984949112  12309.79
22837.9752535821  12208.71
22842.2520122529  11772.35
22846.5287709237  11951.02
22850.8055295945  12007.81
22855.0822882653  12387.04
22859.3590469361  12569.44
22863.6358056069  12350.58
22867.9125642777  12165.42
22872.1893229485  12053.21
22876.4660816193  11812.03
22880.7428402901  11901.31
22885.0195989609  12099.5
22889.2963576317  11686.81
22893.5731163026  11568.28
22897.8498749734  12134.94
22902.1266336442  12329.7
22906.403392315  12506.12
22910.6801509858  12676.11
22914.9569096566  12449.23
22919.2336683274  11986.04
22923.5104269982  11714.34
22927.787185669  11532.88
22932.0639443398  10976.19
22936.3407030106  10632.44
22940.6174616814  10386.06
22944.8942203522  9637.847
22949.170979023  9602.864
22953.4477376938  10498.13
22957.7244963647  11365.51
22962.0012550355  11709.79
22966.2780137063  11537.8
22970.5547723771  11556.46
22974.8315310479  11690.65
22979.1082897187  11752.46
22983.3850483895  11616.41
22987.6618070603  11792.01
22991.9385657311  12098.35
22996.2153244019  11774.2
23000.4920830727  11635.13
23004.7688417435  11484.71
23009.0456004143  11510.53
23013.3223590851  12165.63
23017.599117756  12435.89
23021.8758764268  12402.44
23026.1526350976  12191.04
23030.4293937684  11741.19
23034.7061524392  11810.57
23038.98291111  12255.24
23043.2596697808  12291.62
23047.5364284516  12202.74
23051.8131871224  11713.61
23056.0899457932  11572.38
23060.366704464  11703.81
23064.6434631348  11973.64
23068.9202218056  12314.91
23073.1969804764  12262.43
23077.4737391472  12474.31
23081.7504978181  12689.25
23086.0272564889  12360.99
23090.3040151597  12149.1
23094.5807738305  12101.34
23098.8575325013  12308.27
23103.1342911721  12343.29
23107.4110498429  11703.36
23111.6878085137  11614.43
23115.9645671845  12181.79
23120.2413258553  12403.7
23124.5180845261  12389.5
23128.7948431969  12294.39
23133.0716018677  12225.23
23137.3483605385  12572.84
23141.6251192093  12779.92
23145.9018778802  12752.19
23150.178636551  12751.13
23154.4553952218  12654.73
23158.7321538926  12591.85
23163.0089125634  12752.95
23167.2856712342  13261.14
23171.562429905  13310.54
23175.8391885758  13510.46
23180.1159472466  13322.64
23184.3927059174  12439.24
23188.6694645882  11638.24
23192.946223259  12328.88
23197.2229819298  13133.42
23201.4997406006  12690.94
23205.7764992715  11830.05
23210.0532579423  11777.55
23214.3300166131  12295.96
23218.6067752839  12298.99
23222.8835339547  12056.64
23227.1602926255  11337.68
23231.4370512963  10003.96
23235.7138099671  9818.977
23239.9905686379  10435.75
23244.2673273087  10732.03
23248.5440859795  10512.35
23252.8208446503  10717.71
23257.0976033211  11596.8
23261.3743619919  11864.12
23265.6511206627  12068.76
23269.9278793336  12028.46
23274.2046380044  12104.9
23278.4813966752  12442.79
23282.758155346  12121.37
23287.0349140168  12082.18
23291.3116726876  12248.69
23295.5884313584  12540.07
23299.8651900292  12906.95
23304.1419487  12528.39
23308.4187073708  12326.68
23312.6954660416  12767.62
23316.9722247124  12726.43
23321.2489833832  12250.33
23325.525742054  12614.25
23329.8025007248  12937.85
23334.0792593957  12910.76
23338.3560180665  12826.04
23342.6327767373  12961.25
23346.9095354081  12671.13
23351.1862940789  12245.88
23355.4630527497  12112.96
23359.7398114205  11765.43
23364.0165700913  12287.45
23368.2933287621  12660.99
23372.5700874329  12354.61
23376.8468461037  12381.57
23381.1236047745  12294.55
23385.4003634453  12091.51
23389.6771221161  11775.26
23393.9538807869  11952.41
23398.2306394578  11855.21
23402.5073981286  12120.86
23406.7841567994  12706.57
23411.0609154702  12921.41
23415.337674141  12972.53
23419.6144328118  13803.49
23423.8911914826  14127.08
23428.1679501534  13820.56
23432.4447088242  13353.59
23436.721467495  12657.89
23440.9982261658  12799.3
23445.2749848366  12407.04
23449.5517435074  12300.57
23453.8285021782  12714.56
23458.1052608491  13545.45
23462.3820195199  13833.94
23466.6587781907  13455.36
23470.9355368615  13027.11
23475.2122955323  12977.91
23479.4890542031  12775.64
23483.7658128739  13239.94
23488.0425715447  13230.8
23492.3193302155  12943.55
23496.5960888863  13116.45
23500.8728475571  12875.19
23505.1496062279  12558.42
23509.4263648987  12107.98
23513.7031235695  12328.56
23517.9798822403  12281.92
23522.2566409112  11250.36
23526.533399582  10428.47
23530.8101582528  10163.21
23535.0869169236  10283.82
23539.3636755944  10832.09
23543.6404342652  11170.54
23547.917192936  11146.83
23552.1939516068  11606.2
23556.4707102776  12358.61
23560.7474689484  12907.08
23565.0242276192  12578.01
23569.30098629  12426.05
23573.5777449608  12370.46
23577.8545036317  11823.97
23582.1312623025  12114.38
23586.4080209733  11805.14
23590.6847796441  11402.16
23594.9615383149  12161.21
23599.2382969857  12971.89
23603.5150556565  13230.96
23607.7918143273  12761.4
23612.0685729981  12744.13
23616.3453316689  12383.56
23620.6220903397  12246.17
23624.8988490105  12460.46
23629.1756076813  11734.93
23633.4523663521  12100.43
23637.7291250229  12208.77
23642.0058836938  12727.69
23646.2826423646  12428.27
23650.5594010354  11965.96
23654.8361597062  12210.64
23659.112918377  12236.
23663.3896770478  11990.26
23667.6664357186  12262.23
23671.9431943894  12554.24
23676.2199530602  12927.91
23680.496711731  13090.43
23684.7734704018  13353.14
23689.0502290726  12848.02
23693.3269877434  11916.66
23697.6037464142  11983.35
23701.8805050851  12680.05
23706.1572637559  13915.67
23710.4340224267  14238.49
23714.7107810975  13762.6
23718.9875397683  14457.24
23723.2642984391  13787.57
23727.5410571099  13389.24
23731.8178157807  13536.59
23736.0945744515  13448.14
23740.3713331223  12932.02
23744.6480917931  12490.06
23748.9248504639  12653.
23753.2016091347  13302.37
23757.4783678055  13449.8
23761.7551264763  13259.77
23766.0318851472  12871.83
23770.308643818  13337.87
23774.5854024888  14037.64
23778.8621611596  13938.42
23783.1389198304  13169.24
23787.4156785012  12537.26
23791.692437172  12788.1
23795.9691958428  12727.06
23800.2459545136  13187.09
23804.5227131844  13086.12
23808.7994718552  12943.17
23813.076230526  13363.71
23817.3529891968  13209.34
23821.6297478676  12942.17
23825.9065065384  13047.75
23830.1832652093  12390.2
23834.4600238801  11758.02
23838.7367825509  11671.67
23843.0135412217  11670.99
23847.2902998925  11942.21
23851.5670585633  12240.35
23855.8438172341  12177.6
23860.1205759049  12501.9
23864.3973345757  12140.88
23868.6740932465  12760.7
23872.9508519173  13379.16
23877.2276105881  13344.27
23881.5043692589  13251.56
23885.7811279297  13299.58
23890.0578866005  13210.33
23894.3346452714  13254.36
23898.6114039422  12808.95
23902.888162613  12504.75
23907.1649212838  13496.22
23911.4416799546  13907.46
23915.7184386254  13281.43
23919.9951972962  13532.29
23924.271955967  12950.9
23928.5487146378  13369.23
23932.8254733086  13764.87
23937.1022319794  14159.84
23941.3789906502  14214.14
23945.655749321  13840.01
23949.9325079918  13620.7
23954.2092666627  13882.01
23958.4860253335  13695.23
23962.7627840043  13601.59
23967.0395426751  13456.84
23971.3163013459  13865.65
23975.5930600167  13555.
23979.8698186875  13910.
23984.1465773583  13592.29
23988.4233360291  13402.55
23992.7000946999  14076.7
23996.9768533707  13787.16
24001.2536120415  13558.35
24005.5303707123  13471.8
24009.8071293831  13448.88
24014.083888054  13820.36
24018.3606467248  13872.6
24022.6374053956  13083.85
24026.9141640664  13141.2
24031.1909227372  12889.44
24035.467681408  13138.68
24039.7444400788  13102.79
24044.0211987496  13486.56
24048.2979574204  14114.36
24052.5747160912  14874.36
24056.851474762  14505.32
24061.1282334328  13563.21
24065.4049921036  14483.91
24069.6817507744  14847.91
24073.9585094453  15481.68
24078.2352681161  13710.59
24082.5120267869  13999.11
24086.7887854577  14102.06
24091.0655441285  13521.81
24095.3423027993  14279.43
24099.6190614701  14303.94
24103.8958201409  13839.7
24108.1725788117  13866.44
24112.4493374825  14349.91
24116.7260961533  14407.04
24121.0028548241  14649.95
24125.2796134949  14639.43
24129.5563721657  14785.64
24133.8331308365  14608.62
24138.1098895074  14468.16
24142.3866481782  13896.2
24146.663406849  13007.47
24150.9401655198  13360.45
24155.2169241906  13369.23
24159.4936828614  12242.09
24163.7704415322  12606.7
24168.047200203  13217.48
24172.3239588738  12907.84
24176.6007175446  12125.37
24180.8774762154  11846.92
24185.1542348862  12787.91
24189.430993557  13121.3
24193.7077522278  13113.4
24197.9845108987  13204.96
24202.2612695695  12413.81
24206.5380282403  12981.54
24210.8147869111  13647.16
24215.0915455819  13648.8
24219.3683042527  13947.97
24223.6450629235  14452.89
24227.9218215943  13614.9
24232.1985802651  14313.22
24236.4753389359  14333.18
24240.7520976067  13934.13
24245.0288562775  13415.38
24249.3056149483  14349.57
24253.5823736191  13288.6
24257.8591322899  13411.39
24262.1358909608  13703.51
24266.4126496316  13828.15
24270.6894083024  14110.3
24274.9661669732  13683.13
24279.242925644  14064.76
24283.5196843148  13756.39
24287.7964429856  13539.65
24292.0732016564  13191.94
24296.3499603272  12964.94
24300.626718998  14358.36
24304.9034776688  14094.46
24309.1802363396  13031.41
24313.4569950104  13179.52
24317.7337536812  14301.38
24322.0105123521  14614.65
24326.2872710229  14452.26
24330.5640296937  13741.49
24334.8407883645  13189.43
24339.1175470353  13048.93
24343.3943057061  13282.29
24347.6710643769  14225.73
24351.9478230477  15055.58
24356.2245817185  14700.44
24360.5013403893  14775.38
24364.7780990601  15767.19
24369.0548577309  15340.63
24373.3316164017  14440.29
24377.6083750725  14189.25
24381.8851337433  13552.19
24386.1618924142  13928.
24390.438651085  13795.87
24394.7154097558  13986.41
24398.9921684266  14120.72
24403.2689270974  13611.25
24407.5456857682  13995.12
24411.822444439  13974.99
24416.0992031098  13064.12
24420.3759617806  11745.04
24424.6527204514  11775.59
24428.9294791222  12808.44
24433.206237793  13319.62
24437.4829964638  12541.9
24441.7597551346  12700.25
24446.0365138055  13334.26
24450.3132724763  14052.
24454.5900311471  14214.4
24458.8667898179  14494.25
24463.1435484887  14049.04
24467.4203071595  13672.86
24471.6970658303  13067.93
24475.9738245011  11483.52
24480.2505831719  10809.12
24484.5273418427  12258.66
24488.8041005135  12952.02
24493.0808591843  13201.62
24497.3576178551  14115.97
24501.6343765259  14166.67
24505.9111351967  14437.19
24510.1878938676  14154.5
24514.4646525384  15033.49
24518.7414112092  14432.56
24523.01816988  13470.05
24527.2949285508  13163.46
24531.5716872216  13781.89
24535.8484458924  15367.6
24540.1252045632  14271.62
24544.401963234  14314.09
24548.6787219048  15064.26
24552.9554805756  14080.5
24557.2322392464  13824.98
24561.5089979172  14622.42
24565.785756588  14839.02
24570.0625152589  14590.89
24574.3392739297  13758.28
24578.6160326005  13758.28
24582.8927912713  13758.28
24587.1695499421  13758.28
24591.4463086129  13758.28
24595.7230672837  13758.28
24599.9998259545  13758.28
