20484.75  4718.621
20489.0238861651  5051.693
20493.2977723302  5120.408
20497.5716584952  5429.998
20501.8455446603  5091.645
20506.1194308254  5252.731
20510.3933169905  5585.335
20514.6672031556  5668.105
20518.9410893206  5432.682
20523.2149754857  5631.379
20527.4888616508  5476.04
20531.7627478159  5303.4
20536.0366339809  5094.483
20540.310520146  4968.226
20544.5844063111  4978.286
20548.8582924762  5206.221
20553.1321786413  5157.231
20557.4060648063  4980.317
20561.6799509714  4345.659
20565.9538371365  3495.332
20570.2277233016  4730.62
20574.5016094666  6255.607
20578.7754956317  5397.483
20583.0493817968  5523.87
20587.3232679619  5191.256
20591.597154127  5125.294
20595.871040292  5399.301
20600.1449264571  5534.009
20604.4188126222  5598.227
20608.6926987873  5317.348
20612.9665849523  5339.214
20617.2404711174  5452.58
20621.5143572825  5410.912
20625.7882434476  5593.029
20630.0621296127  5669.724
20634.3360157777  5279.953
20638.6099019428  5301.733
20642.8837881079  5073.987
20647.157674273  5284.696
20651.4315604381  5090.613
20655.7054466031  5159.877
20659.9793327682  5300.692
20664.2532189333  5595.951
20668.5271050984  5352.006
20672.8009912634  5346.358
20677.0748774285  5257.067
20681.3487635936  5672.419
20685.6226497587  5241.223
20689.8965359238  5508.635
20694.1704220888  5594.122
20698.4443082539  5522.106
20702.718194419  5871.793
20706.9920805841  6037.642
20711.2659667491  5784.696
20715.5398529142  5530.53
20719.8137390793  5114.863
20724.0876252444  5573.933
20728.3615114095  5988.708
20732.6353975745  5829.175
20736.9092837396  5956.972
20741.1831699047  5957.937
20745.4570560698  5869.597
20749.7309422349  5684.72
20754.0048283999  5823.504
20758.278714565  5848.08
20762.5526007301  5984.296
20766.8264868952  5901.816
20771.1003730602  5644.632
20775.3742592253  5664.547
20779.6481453904  5868.788
20783.9220315555  5768.398
20788.1959177206  5887.529
20792.4698038856  5853.413
20796.7436900507  6034.133
20801.0175762158  6025.063
20805.2914623809  6215.876
20809.565348546  5842.77
20813.839234711  6059.788
20818.1131208761  6021.258
20822.3870070412  6198.781
20826.6608932063  5845.164
20830.9347793713  6152.422
20835.2086655364  5950.268
20839.4825517015  6055.026
20843.7564378666  5829.331
20848.0303240316  6080.522
20852.3042101967  6035.03
20856.5780963618  6010.822
20860.8519825269  6160.126
20865.125868692  6287.906
20869.399754857  5888.222
20873.6736410221  5928.389
20877.9475271872  5891.074
20882.2214133523  6227.287
20886.4952995174  6061.731
20890.7691856824  5960.176
20895.0430718475  5726.158
20899.3169580126  5872.515
20903.5908441777  6014.344
20907.8647303427  6423.402
20912.1386165078  6042.562
20916.4125026729  6700.31
20920.686388838  5967.677
20924.9602750031  6330.663
20929.2341611681  6486.023
20933.5080473332  6380.857
20937.7819334983  6325.254
20942.0558196634  6051.05
20946.3297058284  5960.537
20950.6035919935  5992.109
20954.8774781586  6225.425
20959.1513643237  6109.13
20963.4252504888  5960.723
20967.6991366538  6034.999
20971.9730228189  6344.694
20976.246908984  6240.041
20980.5207951491  6501.154
20984.7946813141  6418.033
20989.0685674792  6398.151
20993.3424536443  6245.317
20997.6163398094  6312.767
21001.8902259745  6277.636
21006.1641121395  6412.505
21010.4379983046  6516.054
21014.7118844697  6518.292
21018.9857706348  6375.955
21023.2596567999  6372.639
21027.5335429649  6583.748
21031.80742913  6720.532
21036.0813152951  6553.297
21040.3552014602  6485.656
21044.6290876252  6180.617
21048.9029737903  6181.769
21053.1768599554  6386.042
21057.4507461205  6628.014
21061.7246322856  6409.034
21065.9985184506  5933.733
21070.2724046157  6391.138
21074.5462907808  6077.932
21078.8201769459  6003.342
21083.094063111  6201.499
21087.367949276  6395.185
21091.6418354411  6570.035
21095.9157216062  6649.49
21100.1896077713  7096.075
21104.4634939363  6877.418
21108.7373801014  6771.105
21113.0112662665  6757.957
21117.2851524316  6399.544
21121.5590385967  6189.469
21125.8329247617  6268.858
21130.1068109268  6259.398
21134.3806970919  6536.681
21138.654583257  6546.457
21142.928469422  6598.621
21147.2023555871  6795.478
21151.4762417522  6568.582
21155.7501279173  6703.431
21160.0240140824  6665.045
21164.2979002474  6216.688
21168.5717864125  6581.737
21172.8456725776  6973.301
21177.1195587427  6721.18
21181.3934449077  6620.626
21185.6673310728  6497.896
21189.9412172379  6833.436
21194.215103403  6951.743
21198.4889895681  6586.852
21202.7628757331  6455.8
21207.0367618982  6500.939
21211.3106480633  6546.816
21215.5845342284  6499.463
21219.8584203935  6700.905
21224.1323065585  6945.252
21228.4061927236  6896.297
21232.6800788887  6422.235
21236.9539650538  6912.535
21241.2278512188  6725.286
21245.5017373839  7255.975
21249.775623549  6453.703
21254.0495097141  6868.542
21258.3233958792  7233.344
21262.5972820442  6806.693
21266.8711682093  6635.233
21271.1450543744  6825.816
21275.4189405395  6796.899
21279.6928267046  6656.396
21283.9667128696  6747.121
21288.2405990347  7052.545
21292.5144851998  6784.857
21296.7883713649  6796.125
21301.0622575299  6625.271
21305.336143695  6866.065
21309.6100298601  6808.223
21313.8839160252  6927.068
21318.1578021903  7335.55
21322.4316883553  7251.34
21326.7055745204  7083.398
21330.9794606855  6966.818
21335.2533468506  7016.522
21339.5272330156  7179.287
21343.8011191807  7096.149
21348.0750053458  7229.655
21352.3488915109  7195.204
21356.622777676  7157.883
21360.896663841  7084.7
21365.1705500061  6869.111
21369.4444361712  6940.669
21373.7183223363  7039.658
21377.9922085013  6852.171
21382.2660946664  7015.213
21386.5399808315  7095.756
21390.8138669966  7078.529
21395.0877531617  7106.64
21399.3616393267  7157.807
21403.6355254918  6993.478
21407.9094116569  7076.422
21412.183297822  6867.742
21416.4571839871  7002.492
21420.7310701521  7276.25
21425.0049563172  7082.905
21429.2788424823  7036.037
21433.5527286474  7199.655
21437.8266148124  7270.609
21442.1005009775  7438.116
21446.3743871426  7378.649
21450.6482733077  7068.275
21454.9221594728  7200.359
21459.1960456378  7521.98
21463.4699318029  7330.181
21467.743817968  7313.087
21472.0177041331  7106.562
21476.2915902981  7351.738
21480.5654764632  7084.054
21484.8393626283  7055.676
21489.1132487934  7107.353
21493.3871349585  7247.494
21497.6610211235  7420.861
21501.9349072886  7222.766
21506.2087934537  8165.328
21510.4826796188  8163.651
21514.7565657839  7620.702
21519.0304519489  7216.184
21523.304338114  7497.606
21527.5782242791  7537.504
21531.8521104442  7220.517
21536.1259966092  7553.863
21540.3998827743  7479.604
21544.6737689394  7463.558
21548.9476551045  8026.413
21553.2215412696  7518.322
21557.4954274346  7354.292
21561.7693135997  7213.01
21566.0431997648  7482.058
21570.3170859299  7596.444
21574.5909720949  7633.066
21578.86485826  7762.512
21583.1387444251  7419.
21587.4126305902  7379.542
21591.6865167553  7667.921
21595.9604029203  7559.448
21600.2342890854  7504.041
21604.5081752505  7483.306
21608.7820614156  7403.109
21613.0559475806  7309.726
21617.3298337457  7305.817
21621.6037199108  7210.312
21625.8776060759  7340.122
21630.151492241  7198.637
21634.425378406  7436.408
21638.6992645711  7555.235
21642.9731507362  7777.607
21647.2470369013  7535.235
21651.5209230664  7841.435
21655.7948092314  7793.524
21660.0686953965  8106.605
21664.3425815616  8072.852
21668.6164677267  8014.961
21672.8903538917  7786.462
21677.1642400568  7450.912
21681.4381262219  7543.638
21685.712012387  7630.625
21689.9858985521  7761.53
21694.2597847171  7743.072
21698.5336708822  7542.114
21702.8075570473  7145.891
21707.0814432124  7266.681
21711.3553293774  7708.053
21715.6292155425  7263.2
21719.9031017076  7419.484
21724.1769878727  7559.349
21728.4508740378  7503.486
21732.7247602028  7573.588
21736.9986463679  7797.597
21741.272532533  7661.602
21745.5464186981  7849.557
21749.8203048632  7922.615
21754.0941910282  8070.244
21758.3680771933  7310.402
21762.6419633584  7391.146
21766.9158495235  7572.224
21771.1897356885  7505.106
21775.4636218536  7675.722
21779.7375080187  7599.681
21784.0113941838  7426.017
21788.2852803489  7741.484
21792.5591665139  7557.062
21796.833052679  6957.378
21801.1069388441  8361.999
21805.3808250092  8392.355
21809.6547111742  8703.179
21813.9285973393  8597.75
21818.2024835044  8313.483
21822.4763696695  8149.726
21826.7502558346  7791.04
21831.0241419996  7790.678
21835.2980281647  7566.815
21839.5719143298  7604.034
21843.8458004949  7663.998
21848.11968666  7810.168
21852.393572825  7626.069
21856.6674589901  8107.287
21860.9413451552  8099.831
21865.2152313203  8382.896
21869.4891174853  8160.507
21873.7630036504  8242.87
21878.0368898155  8291.989
21882.3107759806  8123.366
21886.5846621457  8311.523
21890.8585483107  8205.725
21895.1324344758  8157.429
21899.4063206409  7932.062
21903.680206806  7875.486
21907.9540929711  8218.318
21912.2279791361  7998.969
21916.5018653012  7895.538
21920.7757514663  7851.635
21925.0496376314  7875.56
21929.3235237964  7952.289
21933.5974099615  8216.663
21937.8712961266  8605.593
21942.1451822917  8887.626
21946.4190684568  9193.506
21950.6929546218  8451.623
21954.9668407869  9496.076
21959.240726952  9199.274
21963.5146131171  8186.84
21967.7884992821  8612.134
21972.0623854472  8661.863
21976.3362716123  8412.078
21980.6101577774  8312.621
21984.8840439425  8338.566
21989.1579301075  8501.382
21993.4318162726  8227.207
21997.7057024377  7969.093
22001.9795886028  8407.646
22006.2534747678  8315.578
22010.5273609329  8462.077
22014.801247098  8496.031
22019.0751332631  8539.309
22023.3490194282  8182.742
22027.6229055932  8386.237
22031.8967917583  8329.294
22036.1706779234  8591.1
22040.4445640885  8193.279
22044.7184502536  8525.742
22048.9923364186  8409.751
22053.2662225837  8129.101
22057.5401087488  8004.671
22061.8139949139  7903.27
22066.0878810789  8120.905
22070.361767244  8214.072
22074.6356534091  8327.591
22078.9095395742  8267.037
22083.1834257393  8010.328
22087.4573119043  8106.044
22091.7311980694  8042.355
22096.0050842345  8154.351
22100.2789703996  8123.658
22104.5528565646  8456.672
22108.8267427297  8649.439
22113.1006288948  9012.268
22117.3745150599  8839.106
22121.648401225  9362.656
22125.92228739  9023.467
22130.1961735551  9087.49
22134.4700597202  9093.021
22138.7439458853  9172.819
22143.0178320503  8627.236
22147.2917182154  8594.849
22151.5656043805  8572.583
22155.8394905456  8484.416
22160.1133767107  8690.229
22164.3872628757  8704.155
22168.6611490408  8649.559
22172.9350352059  8905.199
22177.208921371  8787.26
22181.4828075361  8759.405
22185.7566937011  8779.039
22190.0305798662  8480.675
22194.3044660313  8411.773
22198.5783521964  8604.199
22202.8522383614  8594.078
22207.1261245265  8699.617
22211.4000106916  8382.322
22215.6738968567  8500.71
22219.9477830218  8656.846
22224.2216691868  8716.685
22228.4955553519  8804.732
22232.769441517  8917.086
22237.0433276821  9038.458
22241.3172138471  9094.586
22245.5911000122  9168.225
22249.8649861773  9132.198
22254.1388723424  8874.691
22258.4127585075  8620.864
22262.6866446725  8511.359
22266.9605308376  9042.982
22271.2344170027  8918.002
22275.5083031678  8452.596
22279.7821893329  8677.83
22284.0560754979  8697.29
22288.329961663  8967.249
22292.6038478281  9122.697
22296.8777339932  8935.864
22301.1516201582  8966.533
22305.4255063233  9023.879
22309.6993924884  9342.56
22313.9732786535  9006.635
22318.2471648186  9489.802
22322.5210509836  9127.186
22326.7949371487  8974.649
22331.0688233138  8765.204
22335.3427094789  8880.422
22339.6165956439  8895.322
22343.890481809  9143.81
22348.1643679741  8820.685
22352.4382541392  8643.746
22356.7121403043  8500.184
22360.9860264693  8559.001
22365.2599126344  8707.957
22369.5337987995  9117.559
22373.8076849646  9290.29
22378.0815711296  9057.491
22382.3554572947  9431.347
22386.6293434598  9247.229
22390.9032296249  9426.846
22395.17711579  9210.25
22399.451001955  9272.938
22403.7248881201  9670.051
22407.9987742852  9256.191
22412.2726604503  9357.281
22416.5465466154  9399.328
22420.8204327804  9391.482
22425.0943189455  9235.845
22429.3682051106  9281.93
22433.6420912757  9180.505
22437.9159774407  9217.51
22442.1898636058  8886.405
22446.4637497709  9106.397
22450.737635936  9470.646
22455.0115221011  9085.751
22459.2854082661  9158.521
22463.5592944312  9216.293
22467.8331805963  9457.484
22472.1070667614  9138.874
22476.3809529265  9335.289
22480.6548390915  9073.166
22484.9287252566  8967.356
22489.2026114217  9328.718
22493.4764975868  9624.309
22497.7503837518  9542.766
22502.0242699169  9368.877
22506.298156082  9570.225
22510.5720422471  9272.404
22514.8459284122  9246.187
22519.1198145772  9042.505
22523.3937007423  9118.323
22527.6675869074  9192.54
22531.9414730725  9250.298
22536.2153592375  9139.012
22540.4892454026  8954.539
22544.7631315677  8987.165
22549.0370177328  9048.42
22553.3109038979  8974.782
22557.5847900629  9333.188
22561.858676228  9172.571
22566.1325623931  9261.348
22570.4064485582  9335.21
22574.6803347232  9190.653
22578.9542208883  9245.203
22583.2281070534  9304.978
22587.5019932185  9387.012
22591.7758793836  9532.636
22596.0497655486  9672.911
22600.3236517137  9280.711
22604.5975378788  9137.783
22608.8714240439  9036.843
22613.145310209  9165.405
22617.419196374  9078.649
22621.6930825391  9312.088
22625.9669687042  9297.331
22630.2408548693  8930.862
22634.5147410343  9126.819
22638.7886271994  9167.273
22643.0625133645  9108.869
22647.3363995296  9126.661
22651.6102856947  9247.088
22655.8841718597  9082.847
22660.1580580248  9063.904
22664.4319441899  9482.558
22668.705830355  9344.878
22672.9797165201  9588.507
22677.2536026851  10147.89
22681.5274888502  9584.
22685.8013750153  9125.146
22690.0752611804  9572.987
22694.3491473454  9761.449
22698.6230335105  9585.287
22702.8969196756  9580.178
22707.1708058407  9582.766
22711.4446920058  9388.94
22715.7185781708  9306.094
22719.9924643359  9214.55
22724.266350501  9481.508
22728.5402366661  9320.738
22732.8141228311  9415.649
22737.0880089962  9383.536
22741.3618951613  9888.543
22745.6357813264  9776.135
22749.9096674915  9386.516
22754.1835536565  9601.818
22758.4574398216  9512.163
22762.7313259867  9667.75
22767.0052121518  9729.242
22771.2790983169  9739.5
22775.5529844819  9685.326
22779.826870647  9848.526
22784.1007568121  9875.324
22788.3746429772  9801.492
22792.6485291422  10098.96
22796.9224153073  10031.33
22801.1963014724  9596.165
22805.4701876375  9350.081
22809.7440738025  9787.774
22814.0179599676  9848.427
22818.2918461327  9746.769
22822.5657322978  9734.63
22826.8396184629  9606.949
22831.1135046279  9801.675
22835.387390793  9708.794
22839.6612769581  9830.88
22843.9351631232  9658.331
22848.2090492883  9737.939
22852.4829354533  9828.029
22856.7568216184  9612.637
22861.0307077835  9691.814
22865.3045939486  9926.316
22869.5784801136  9736.516
22873.8523662787  9724.037
22878.1262524438  10034.24
22882.4001386089  9841.187
22886.674024774  10022.59
22890.947910939  9878.583
22895.2217971041  9786.093
22899.4956832692  9893.372
22903.7695694343  9764.703
22908.0434555993  9969.658
22912.3173417644  10474.21
22916.5912279295  9961.354
22920.8651140946  9692.352
22925.1390002597  9708.15
22929.4128864247  9834.757
22933.6867725898  8991.284
22937.9606587549  8593.508
22942.23454492  8311.89
22946.5084310851  8839.673
22950.7823172501  9036.553
22955.0562034152  8878.742
22959.3300895803  8813.145
22963.6039757454  8851.469
22967.8778619104  9089.317
22972.1517480755  9289.713
22976.4256342406  9320.614
22980.6995204057  9487.93
22984.9734065708  9166.08
22989.2472927358  8797.387
22993.5211789009  9379.654
22997.795065066  9243.616
23002.0689512311  9224.609
23006.3428373961  9456.646
23010.6167235612  9196.16
23014.8906097263  9395.143
23019.1644958914  9223.528
23023.4383820565  9465.115
23027.7122682215  9586.46
23031.9861543866  9522.802
23036.2600405517  9553.326
23040.5339267168  9687.892
23044.8078128819  9922.08
23049.0816990469  9303.097
23053.355585212  8979.28
23057.6294713771  9087.299
23061.9033575422  9628.29
23066.1772437072  9568.313
23070.4511298723  9509.586
23074.7250160374  9618.631
23078.9989022025  9544.583
23083.2727883676  9401.157
23087.5466745326  9667.105
23091.8205606977  9222.786
23096.0944468628  9270.501
23100.3683330279  9397.737
23104.6422191929  9698.918
23108.916105358  9684.314
23113.1899915231  9314.173
23117.4638776882  9340.503
23121.7377638533  9519.036
23126.0116500183  9881.927
23130.2855361834  9613.592
23134.5594223485  9229.278
23138.8333085136  9164.921
23143.1071946787  9129.385
23147.3810808437  9319.114
23151.6549670088  9327.605
23155.9288531739  9649.862
23160.202739339  9517.029
23164.476625504  9331.837
23168.7505116691  9034.501
23173.0243978342  9246.643
23177.2982839993  9407.715
23181.5721701644  9735.927
23185.8460563294  9918.722
23190.1199424945  10126.44
23194.3938286596  9790.894
23198.6677148247  9588.037
23202.9416009897  9594.799
23207.2154871548  9521.751
23211.4893733199  9399.911
23215.763259485  9401.107
23220.0371456501  9062.943
23224.3110318151  8441.126
23228.5849179802  8443.488
23232.8588041453  8162.429
23237.1326903104  8353.128
23241.4065764755  9039.237
23245.6804626405  9010.446
23249.9543488056  8779.399
23254.2282349707  8930.269
23258.5021211358  8967.661
23262.7760073008  8569.186
23267.0498934659  8741.735
23271.323779631  9125.776
23275.5976657961  9267.383
23279.8715519612  8489.994
23284.1454381262  8694.745
23288.4193242913  9017.25
23292.6932104564  9338.796
23296.9670966215  9387.508
23301.2409827865  9113.053
23305.5148689516  9074.562
23309.7887551167  8894.518
23314.0626412818  9106.487
23318.3365274469  9252.69
23322.6104136119  9499.804
23326.884299777  9791.876
23331.1581859421  9704.736
23335.4320721072  9448.842
23339.7059582723  9556.254
23343.9798444373  8861.515
23348.2537306024  8898.663
23352.5276167675  9042.123
23356.8015029326  9197.479
23361.0753890976  9169.064
23365.3492752627  9279.411
23369.6231614278  9627.494
23373.8970475929  9454.197
23378.170933758  9291.746
23382.444819923  8855.223
23386.7187060881  9334.701
23390.9925922532  9036.495
23395.2664784183  8892.433
23399.5403645833  8856.655
23403.8142507484  8900.475
23408.0881369135  8471.593
23412.3620230786  8959.181
23416.6359092437  9274.589
23420.9097954087  9342.349
23425.1836815738  9594.168
23429.4575677389  9734.977
23433.731453904  9020.72
23438.005340069  9244.061
23442.2792262341  8998.445
23446.5531123992  8361.84
23450.8269985643  8523.479
23455.1008847294  9088.797
23459.3747708944  9799.945
23463.6486570595  9821.118
23467.9225432246  9690.419
23472.1964293897  9541.187
23476.4703155548  9490.317
23480.7442017198  9302.423
23485.0180878849  9769.635
23489.29197405  9432.688
23493.5658602151  8897.98
23497.8397463801  9078.188
23502.1136325452  8831.729
23506.3875187103  8832.224
23510.6614048754  8602.392
23514.9352910405  8551.634
23519.2091772055  8706.256
23523.4830633706  7894.647
23527.7569495357  7634.566
23532.0308357008  7983.55
23536.3047218658  8206.918
23540.5786080309  8348.256
23544.852494196  8666.304
23549.1263803611  9071.014
23553.4002665262  8747.45
23557.6741526912  8648.594
23561.9480388563  8763.745
23566.2219250214  8810.542
23570.4958111865  9182.326
23574.7696973516  9247.32
23579.0435835166  9193.192
23583.3174696817  8705.427
23587.5913558468  8696.604
23591.8652420119  9013.519
23596.1391281769  9204.509
23600.413014342  9648.207
23604.6869005071  9054.471
23608.9607866722  9168.603
23613.2346728373  9186.03
23617.5085590023  9022.854
23621.7824451674  9306.502
23626.0563313325  9411.502
23630.3302174976  9216.458
23634.6041036626  8821.912
23638.8779898277  9145.015
23643.1518759928  9222.521
23647.4257621579  8919.228
23651.699648323  9235.605
23655.973534488  9176.635
23660.2474206531  9179.479
23664.5213068182  9284.383
23668.7951929833  9034.943
23673.0690791484  8581.375
23677.3429653134  8584.539
23681.6168514785  9171.892
23685.8907376436  9588.742
23690.1646238087  9558.896
23694.4385099737  9174.252
23698.7123961388  9239.4
23702.9862823039  9407.651
23707.260168469  9365.938
23711.5340546341  9320.502
23715.8079407991  9231.648
23720.0818269642  9224.943
23724.3557131293  9112.55
23728.6295992944  9142.619
23732.9034854594  9014.048
23737.1773716245  9478.37
23741.4512577896  9579.982
23745.7251439547  9627.984
23749.9990301198  9758.207
23754.2729162848  9480.492
23758.5468024499  9439.551
23762.820688615  9337.346
23767.0945747801  9158.415
23771.3684609451  9867.354
23775.6423471102  10153.8
23779.9162332753  10010.68
23784.1901194404  9340.371
23788.4640056055  9016.084
23792.7378917705  9189.127
23797.0117779356  9119.924
23801.2856641007  9121.291
23805.5595502658  9317.613
23809.8334364309  8917.008
23814.1073225959  8891.732
23818.381208761  9136.581
23822.6550949261  9370.954
23826.9289810912  8615.875
23831.2028672562  8356.662
23835.4767534213  7978.153
23839.7506395864  7956.643
23844.0245257515  8804.158
23848.2984119166  9300.836
23852.5722980816  9345.069
23856.8461842467  8747.942
23861.1200704118  8642.674
23865.3939565769  8072.555
23869.6678427419  8517.655
23873.941728907  8479.162
23878.2156150721  8620.379
23882.4895012372  8563.16
23886.7633874023  8594.021
23891.0372735673  9248.173
23895.3111597324  9260.603
23899.5850458975  8945.071
23903.8589320626  8971.892
23908.1328182276  9432.77
23912.4067043927  8774.271
23916.6805905578  9079.134
23920.9544767229  8306.793
23925.228362888  8324.282
23929.502249053  9040.324
23933.7761352181  9557.311
23938.0500213832  8961.775
23942.3239075483  9250.42
23946.5977937134  9228.979
23950.8716798784  9265.087
23955.1455660435  9058.043
23959.4194522086  9016.505
23963.6933383737  8842.482
23967.9672245387  8725.018
23972.2411107038  8845.478
23976.5149968689  9023.153
23980.788883034  9402.854
23985.0627691991  9150.328
23989.3366553641  9633.619
23993.6105415292  9563.342
23997.8844276943  8951.548
24002.1583138594  8891.353
24006.4322000245  8746.953
24010.7060861895  8757.578
24014.9799723546  8591.143
24019.2538585197  8888.623
24023.5277446848  8197.075
24027.8016308498  8402.387
24032.0755170149  8713.184
24036.34940318  8681.869
24040.6232893451  7944.972
24044.8971755102  8543.213
24049.1710616752  7732.694
24053.4449478403  8114.825
24057.7188340054  8344.655
24061.9927201705  8526.048
24066.2666063356  8718.336
24070.5404925006  8701.43
24074.8143786657  8414.29
24079.0882648308  7669.544
24083.3621509959  7880.755
24087.6360371609  8774.138
24091.909923326  8404.595
24096.1838094911  8055.547
24100.4576956562  8508.903
24104.7315818213  8588.37
24109.0054679863  8339.005
24113.2793541514  8500.461
24117.5532403165  8448.508
24121.8271264816  8498.333
24126.1010126466  8127.9
24130.3748988117  8699.093
24134.6487849768  7984.399
24138.9226711419  7575.287
24143.196557307  8002.374
24147.470443472  7975.651
24151.7443296371  8309.805
24156.0182158022  8580.237
24160.2921019673  8036.94
24164.5659881323  8043.719
24168.8398742974  7675.729
24173.1137604625  8241.79
24177.3876466276  8668.865
24181.6615327927  8527.196
24185.9354189577  8916.413
24190.2093051228  8207.171
24194.4831912879  8236.538
24198.757077453  8772.598
24203.030963618  8837.647
24207.3048497831  8850.056
24211.5787359482  8344.965
24215.8526221133  8367.42
24220.1265082784  7957.348
24224.4003944434  7920.233
24228.6742806085  8332.331
24232.9481667736  8148.902
24237.2220529387  8895.076
24241.4959391038  9290.834
24245.7698252688  8904.329
24250.0437114339  9083.984
24254.317597599  8209.917
24258.5914837641  8183.735
24262.8653699291  7894.672
24267.1392560942  8513.449
24271.4131422593  8803.878
24275.6870284244  9161.39
24279.9609145895  8241.189
24284.2348007545  8277.594
24288.5086869196  8353.295
24292.7825730847  8127.698
24297.0564592498  8363.483
24301.3303454148  8519.728
24305.6042315799  8224.362
24309.878117745  7444.988
24314.1520039101  7873.199
24318.4258900752  8180.768
24322.6997762402  8164.655
24326.9736624053  8413.461
24331.2475485704  8234.297
24335.5214347355  7016.335
24339.7953209006  7121.459
24344.0692070656  7065.578
24348.3430932307  6897.579
24352.6169793958  7265.63
24356.8908655609  8277.686
24361.1647517259  8145.757
24365.438637891  7649.399
24369.7125240561  7087.85
24373.9864102212  7454.22
24378.2602963863  8594.595
24382.5341825513  8954.951
24386.8080687164  8762.832
24391.0819548815  8358.14
24395.3558410466  8830.455
24399.6297272116  8961.298
24403.9036133767  8732.659
24408.1774995418  8856.982
24412.4513857069  8358.749
24416.725271872  8024.105
24420.999158037  7768.594
24425.2730442021  7566.973
24429.5469303672  7681.611
24433.8208165323  7616.517
24438.0947026973  7501.225
24442.3685888624  8176.477
24446.6424750275  8225.842
24450.9163611926  8063.781
24455.1902473577  9680.4
24459.4641335227  9556.701
24463.7380196878  8721.396
24468.0119058529  8264.308
24472.285792018  8568.299
24476.5596781831  7988.992
24480.8335643481  7902.993
24485.1074505132  9064.132
24489.3813366783  8620.467
24493.6552228434  8152.577
24497.9291090084  8398.506
24502.2029951735  8183.405
24506.4768813386  8512.484
24510.7507675037  9062.029
24515.0246536688  8202.648
24519.2985398338  7889.045
24523.5724259989  7372.946
24527.846312164  7298.265
24532.1201983291  7316.568
24536.3940844941  7635.142
24540.6679706592  6930.661
24544.9418568243  6797.325
24549.2157429894  7926.664
24553.4896291545  8875.924
24557.7635153195  9015.215
24562.0374014846  9488.347
24566.3112876497  8886.509
24570.5851738148  9063.87
24574.8590599799  8241.134
24579.1329461449  8182.428
24583.40683231  8317.263
24587.6807184751  7659.881
24591.9546046402  7706.145
24596.2284908052  7989.204
24600.5023769703  7586.48
24604.7762631354  7135.014
24609.0501493005  7082.744
24613.3240354656  7197.027
24617.5979216306  7744.096
24621.8718077957  7673.218
24626.1456939608  8426.014
24630.4195801259  7613.587
24634.6934662909  7688.595
24638.967352456  7851.438
24643.2412386211  8088.235
24647.5151247862  7698.206
24651.7890109513  7869.578
24656.0628971163  7501.436
24660.3367832814  7642.408
24664.6106694465  7823.605
24668.8845556116  7545.394
24673.1584417767  7889.189
24677.4323279417  7714.839
24681.7062141068  8096.386
24685.9801002719  8085.332
24690.253986437  8005.697
24694.527872602  7573.235
24698.8017587671  7696.524
24703.0756449322  7977.555
24707.3495310973  7219.264
24711.6234172624  8737.5
24715.8973034274  8103.487
24720.1711895925  8262.868
24724.4450757576  9464.098
24728.7189619227  7579.718
24732.9928480878  7892.729
24737.2667342528  8152.037
24741.5406204179  7648.147
24745.814506583  7946.684
24750.0883927481  7644.637
24754.3622789131  7694.98
24758.6361650782  7975.482
24762.9100512433  8546.801
24767.1839374084  8171.931
24771.4578235734  8159.037
24775.7317097385  7624.915
24780.0055959036  7233.375
24784.2794820687  8503.444
24788.5533682338  8477.044
24792.8272543988  8529.766
24797.1011405639  7393.971
24801.375026729  7412.972
24805.6489128941  8328.133
24809.9227990592  7529.522
24814.1966852242  7035.219
24818.4705713893  7093.59
24822.7444575544  7324.138
24827.0183437195  7795.174
24831.2922298845  6882.904
24835.5661160496  7634.648
24839.8400022147  7876.857
24844.1138883798  7394.831
24848.3877745449  7743.44
24852.6616607099  8115.452
24856.935546875  7909.494
